ThreeTowers,7963,7994,7319,7351
P_VillageBlacksmith,8002,8016,7282,7315
RLCraft_DecentZombie,8052,8052,7395,7395
RLCraft_UndergroundRuin2,8047,8054,7390,7400
RLCraft_BasicCaveSpider,8003,8003,7404,7404
RLCraft_UndergroundRuin1,7997,8006,7398,7407
VillageInn,7963,7983,7291,7318
StonePlantMound4,7984,7991,7290,7297
DinosaurSkeleton,8022,8068,7283,7292
VillageWoodMill,7942,7955,7332,7348
P_VillageInn,7942,7951,7317,7328
StoneIceBoulder3,8069,8079,7296,7306
VillageTriplets,7942,7956,7254,7268
StoneMazePath,8026,8028,7465,7467
StoneMazePath,8026,8028,7468,7470
StoneMazePath,8029,8031,7468,7470
StoneMazeFountain,8032,8040,7465,7473
StoneMazePath,8029,8031,7465,7467
StoneMazePathBig,8041,8049,7465,7473
StoneMazeSpiderRoom,8044,8049,7474,7479
StoneMazePath,8026,8028,7462,7464
StoneMazePath,8029,8031,7462,7464
StoneMazePath,8029,8031,7471,7473
StoneMazePath,8035,8037,7474,7476
StoneMazePath,8035,8037,7477,7479
StoneMazePath,8038,8040,7477,7479
StoneMazePath,8032,8034,7477,7479
StoneMazePath,8041,8043,7477,7479
StoneMazePath,8044,8046,7462,7464
StoneMazePath,8044,8046,7459,7461
StoneMazePath,8041,8043,7459,7461
StoneMazePath,8041,8043,7456,7458
StoneMazePath,8038,8040,7459,7461
StoneMazePath,8038,8040,7462,7464
StoneMazePath,8044,8046,7456,7458
StoneMazePath,8041,8043,7462,7464
StoneMazePath,8035,8037,7462,7464
StoneMazePath,8038,8040,7456,7458
StoneMazePath,8041,8043,7474,7476
StoneMazePath,8035,8037,7459,7461
StoneMazeEndChest,8047,8049,7456,7458
StoneMazePath,8035,8037,7456,7458
StoneMazePath,8032,8034,7462,7464
StoneMazeEndChest,8038,8040,7474,7476
StoneMazePath,8032,8034,7456,7458
StoneMazePath,8032,8034,7459,7461
StoneMazeSmall,8026,8049,7456,7479
StoneLeafMound,7920,7927,7437,7446
StoneMazeShootingRange,7963,7968,7474,7482
StoneMazeStudy,7948,7962,7471,7479
StoneMazePath,7945,7947,7471,7473
StoneMazePath,7954,7956,7471,7473
StoneMazePath,7954,7956,7468,7470
StoneMazePath,7954,7956,7465,7467
StoneMazePath,7957,7959,7468,7470
StoneMazePath,7945,7947,7468,7470
StoneMazePath,7957,7959,7465,7467
StoneMazePath,7945,7947,7465,7467
StoneMazeEndChest,7951,7953,7468,7470
StoneMazePath,7948,7950,7465,7467
StoneMazePath,7948,7950,7468,7470
StoneMazePath,7945,7947,7462,7464
StoneMazePath,7960,7962,7465,7467
StoneMazePath,7954,7956,7462,7464
StoneMazePath,7960,7962,7468,7470
StoneMazePath,7951,7953,7465,7467
StoneMazePath,7963,7965,7468,7470
StoneMazePath,7960,7962,7462,7464
StoneMazePath,7963,7965,7465,7467
StoneMazePath,7963,7965,7462,7464
StoneMazeEndChest,7957,7959,7462,7464
StoneMazePath,7966,7968,7465,7467
StoneMazeEndChest,7948,7950,7462,7464
StoneMazeEndChest,7963,7965,7471,7473
StoneMazePath,7966,7968,7468,7470
StoneMazePath,7966,7968,7462,7464
StoneMazeEndChest,7951,7953,7462,7464
StoneMazeSmall,7945,7968,7462,7485
StoneBoulder,8090,8099,7467,7476
StoneLeafMound,7877,7884,7227,7236
StonePlantMound1,7871,7877,7225,7231
DinosaurSkeleton,7855,7901,7218,7227
StonePlantMound2,7851,7864,7345,7357
StonePlantMound2,7846,7858,7372,7385
StoneBoulder,7804,7813,7331,7340
StonePlantMound1,7805,7811,7328,7334
RLCraft_UndergroundFarm,7764,7807,7174,7216
StonePlantMound3,7752,7761,7358,7369
RLCraft_BasicZombie,7738,7738,7380,7380
RLCraft_UndergroundRuin1,7735,7744,7377,7386
StoneLeafMound,7730,7737,7378,7387
DinosaurSkull,7709,7728,7169,7180
StoneMazeStudy,7698,7706,7162,7176
StoneMazePath,7704,7706,7168,7170
StoneMazePath,7707,7709,7168,7170
StoneMazePath,7710,7712,7168,7170
StoneMazePath,7713,7715,7168,7170
BlazeSpawnerCrystal,7712,7718,7358,7364
StonePlantMound,7693,7698,7383,7388
